4542,63
4542,62
4542,50
0,438
4542,61
4542,60
4542,44
4542,59
4542,58
4542,57
4542,37
4542,56
4542,39
4542,41
4542,42
4542,55
4542,54
4542,53
4542,33
4542,31
4542,52
4542,51
4542,35
4542,49
4542,48
4542,47
4542,46
4542,45
4542,43
4542,27
4542,40
4542,38
4542,25
4542,23
4542,19
4542,21
4542,36
4542,34
4542,11
4542,32
4542,30
4542,5
4542,4
4542,29
4542,28
4542,26
4542,10
4542,24
4542,22
4542,20
4542,9
4542,8
4542,18
4542,6
4542,7
4542,17
4542,16
4542,15
4542,14
4542,13
4542,12
4263,147
4542,3
4542,2
4542,1
4542,0
4541,149
0,763
0,762
0,760
0,759
0,755
0,746
0,740
0,736
0,726
0,721
0,719
0,705
0,318
0,316
0,314
0,311
0,508
0,507
0,506
0,503
0,539
0,538
0,537
0,536
0,366
4515,40
4515,39
4515,38
4515,37
4541,64
4515,36
4541,147
4515,35
4515,34
4541,140
4515,33
4541,138
4515,32
4515,31
4515,30
4541,137
4515,29
4515,28
4515,27
4541,11
4515,26
4541,146
4515,25
4515,24
4515,23
4541,1
4515,22
4515,21
4541,145
4515,20
4515,19
4515,18
4515,17
4524,3
4515,16
4515,15
4515,14
0,569
4515,13
4515,12
4522,3
4515,11
4515,10
0,436
4515,9
0,535
4515,8
4541,3
4515,7
4515,6
4515,5
0,369
4515,4
4515,3
0,638
4515,2
0,9
4515,1
4515,0
4263,130
0,570
0,564
0,574
0,572
0,568
0,566
0,556
0,522
0,518
0,400
0,441
0,427
0,413
0,350
0,411
0,409
0,405
0,398
0,397
0,415
0,385
0,386
0,434
0,401
0,766
0,376
0,335
0,324
0,375
0,382
0,373
0,371
0,365
0,342
0,319
0,0
0,359
0,300
0,337
0,299
0,353
0,298
0,297
0,296
0,704
0,295
0,294
0,293
0,320
0,292
0,529
0,291
0,290
0,745
0,289
0,526
0,288
0,744
0,287
0,286
0,525
0,285
0,514
0,284
0,722
0,283
0,743
0,282
0,356
0,281
0,280
0,279
0,742
0,278
0,718
0,277
0,737
0,276
0,275
0,534
0,274
0,519
0,273
0,315
0,272
0,761
0,271
0,758
0,270
0,513
0,269
0,734
0,268
0,717
0,267
0,733
4541,53
4515,41
4515,42
4541,38
4515,44
4541,13
4515,47
4515,49
4541,14
4515,51
4515,53
4515,54
4515,56
4541,52
4541,19
4515,58
4541,10
4541,49
4515,61
4515,62
4541,37
4541,55
4515,65
4515,66
4541,68
4515,68
4515,69
4515,70
4515,71
4515,72
4515,73
4541,41
4515,74
4515,76
4515,77
4515,78
4515,79
4541,74
4541,131
4516,1
4,3
4541,43
4516,3
4516,4
4541,51
4517,1
4517,3
4517,4
4518,0
4541,26
4518,1
4518,2
4264,3
4518,3
4541,148
4518,4
4541,31
4264,11
4519,1
4519,2
4519,3
4519,4
4520,1
4520,3
4520,4
4521,0
4521,1
4521,3
4521,4
4522,0
4522,2
4522,4
4522,6
4522,7
4522,9
4522,11
4522,12
4522,14
4522,15
4522,17
4522,18
4522,20
4522,22
4522,23
4522,25
4522,26
4522,28
4522,30
4522,31
4522,33
4522,34
4522,36
4522,38
4522,39
4522,41
4522,42
4522,44
4522,45
4522,47
4522,49
4522,50
4522,52
4522,53
4523,1
4523,3
4523,4
4523,6
4523,7
4523,9
4523,10
4523,12
4523,14
4523,15
4523,17
4523,18
4523,20
4524,0
4524,1
4524,4
4524,5
4524,7
4524,8
4524,10
4524,12
4524,13
4524,15
4524,16
4524,18
4524,20
4524,21
4524,23
4524,24
4524,26
4524,27
4524,29
4524,31
4524,32
4524,34
4524,35
4524,37
4524,39
4524,40
4524,42
4524,43
4524,45
4525,1
4525,2
4525,4
4525,5
4526,0
4526,1
4526,3
4526,5
4526,6
4527,1
4527,2
4527,4
4527,6
4527,7
4528,1
4528,2
4528,4
4530,0
4530,2
4530,4
4530,5
4530,7
4530,8
4530,10
4530,12
4530,13
4530,15
4530,16
4531,1
4531,2
4531,4
4531,7
4531,8
4531,10
4531,11
4531,13
4531,15
4531,16
4531,18
4531,21
4531,23
4531,25
4531,26
4531,28
4531,29
4531,31
4531,32
4531,34
4531,36
4531,38
4531,40
4531,41
4531,43
4531,45
4531,46
4531,48
4531,49
4531,51
4531,52
4531,54
4531,57
4531,58
4531,60
4531,61
4531,65
4532,0
4532,1
4532,3
4532,4
4532,6
4533,0
4533,2
4533,4
4533,5
4534,1
4534,2
4534,4
4534,6
4534,7
4534,9
4534,10
4534,12
4534,13
4534,15
4534,17
4534,18
4534,20
4534,21
4534,23
4534,25
4534,26
4534,28
4534,29
4534,31
4534,33
4534,34
4534,36
4534,37
4534,39
4534,40
4534,42
4534,44
4534,45
4534,47
4534,48
4534,50
4534,52
4534,53
4534,55
4534,56
4534,58
4534,59
4534,61
4534,63
4534,64
4534,66
4534,67
4534,69
4534,71
4534,72
4534,74
4534,75
4534,77
4534,78
4534,80
4534,82
4534,83
4534,85
4534,86
4534,88
4534,90
4534,91
4534,93
4534,94
4534,96
4534,98
4534,99
4534,101
4534,102
4534,104
4534,105
4534,107
4534,109
4534,110
4534,112
4534,113
4534,115
4534,117
4534,118
4534,120
4534,121
4534,123
4534,124
4534,126
4534,128
4534,129
4534,131
4534,132
4534,134
4534,136
4534,137
4534,139
4534,140
4534,142
4534,143
4534,145
4534,147
4534,148
4534,150
4534,151
4534,193
4534,195
4534,196
4534,198
4534,199
4534,201
4534,203
4534,204
4534,206
4534,207
4534,209
4534,210
4534,212
4534,214
4534,215
4534,217
4535,0
4535,2
4535,4
4535,5
4536,1
4536,2
4536,4
4536,5
4537,0
4537,2
4537,3
4537,5
4538,0
4538,2
4538,4
4538,5
4540,1
4540,2
4541,0
4541,2
4541,6
4541,8
4541,15
4541,17
4541,18
4541,23
4541,25
4541,28
4541,30
4541,32
4541,35
4541,39
4541,45
4541,48
4541,50
4541,56
4541,57
4541,60
4541,66
4541,67
4541,72
4541,73
4541,77
4541,80
4541,81
4541,83
4541,84
4541,87
4541,88
4541,90
4541,93
4541,94
4541,96
4541,128
4541,132
4541,133
4541,135
4541,136
4541,141
4541,143
4541,144
4276,3
4263,124
4276,0
4276,4
4263,2
4263,28
4263,18
4263,91
4263,32
4264,2
4264,10
4264,8
3,3
3,4
3,6
126,3
0,517
0,424
4263,112
118,3
124,3
0,445
129,3
236,3
127,3
4263,113
3978,3
0,410
3979,3
3983,3
3980,3
3982,3
4263,114
3972,3
3973,3
3994,3
3999,3
3997,3
4001,3
4000,3
4263,115
3974,3
4263,5
4263,8
4263,9
4263,12
4263,13
4263,15
4263,16
4263,19
4263,21
4263,22
4263,24
4263,25
4263,27
4263,30
4263,31
4263,34
4263,35
4263,64
4263,65
4263,67
4263,69
4263,70
4263,73
4263,74
4263,76
4263,78
4263,79
4263,81
4263,82
4263,84
4263,86
4263,87
4263,89
4263,90
4263,93
4263,94
4263,96
4263,98
4263,99
4263,101
4263,102
4263,105
4263,107
4263,108
4263,110
4263,111
4263,117
4263,118
4263,120
4263,122
4263,127
4264,5
4264,9
0,437
159,3
160,3
163,3
0,448
162,3
169,3
172,3
168,3
167,3
166,3
171,3
14,3
235,3
10,3
179,3
0,329
910,3
911,3
896,3
905,3
898,3
914,3
894,3
0,378
915,3
916,3
921,3
925,3
901,3
0,422
3655,3
0,399
2734,3
2740,3
2743,3
3658,3
0,603
2746,3
3664,3
2752,3
2758,3
3668,3
0,391
2767,3
2770,3
2776,3
3657,3
2785,3
2791,3
2797,3
0,605
2802,3
2808,3
3659,3
0,496
0,430
3660,3
2820,3
2826,3
3661,3
2838,3
3662,3
0,416
2935,3
2937,3
2946,3
0,626
3710,3
0,321
3713,3
0,623
3681,3
3712,3
3714,3
3682,3
3716,3
2951,3
0,624
3684,3
0,628
3724,3
2955,3
2963,3
2966,3
2972,3
2975,3
2981,3
2984,3
2989,3
2994,3
2997,3
3003,3
3006,3
3012,3
3018,3
3021,3
3027,3
0,608
3031,3
3033,3
3042,3
3692,3
3721,3
3679,3
3694,3
3051,3
3055,3
3058,3
3064,3
3067,3
3073,3
3689,3
3726,3
3083,3
3086,3
3089,3
3676,3
0,625
3697,3
3699,3
0,629
3730,3
2844,3
3666,3
3670,3
3672,3
3673,3
3667,3
2847,3
3675,3
3677,3
2902,3
2908,3
2896,3
2911,3
3680,3
2929,3
2932,3
3095,3
3687,3
3107,3
3110,3
3113,3
3116,3
3688,3
3125,3
3131,3
3140,3
0,610
3690,3
3691,3
3155,3
3723,3
3164,3
3179,3
3182,3
3185,3
3188,3
3194,3
3200,3
3203,3
3695,3
3706,3
3698,3
0,613
3236,3
3242,3
3215,3
3701,3
3702,3
3703,3
3254,3
3263,3
3269,3
3272,3
0,420
3280,3
3283,3
3289,3
0,614
3295,3
3298,3
3304,3
3310,3
3704,3
3322,3
3325,3
3331,3
3337,3
3340,3
3346,3
3349,3
3352,3
3354,3
3358,3
3364,3
3367,3
3373,3
3379,3
3385,3
3391,3
3394,3
3400,3
3709,3
0,616
3412,3
3415,3
3424,3
3427,3
3433,3
3436,3
3445,3
3454,3
3457,3
3466,3
3472,3
3481,3
3718,3
3719,3
3493,3
3496,3
3511,3
3505,3
3722,3
3529,3
3535,3
0,619
3539,3
3729,3
3728,3
3548,3
3557,3
3560,3
0,620
3569,3
3581,3
3587,3
3596,3
3599,3
3602,3
3608,3
3732,3
3733,3
3626,3
3628,3
3636,3
3614,3
3731,3
3645,3
3735,3
3654,3
0,384
2062,3
0,351
1743,3
1745,3
1746,3
0,509
2077,3
1747,3
2080,3
1749,3
0,352
1751,3
2090,3
1753,3
1754,3
1756,3
1757,3
1759,3
1761,3
1762,3
1765,3
2067,3
1768,3
1769,3
0,492
2069,3
1771,3
1773,3
1774,3
2070,3
1778,3
2071,3
0,381
1781,3
1783,3
1784,3
0,510
2176,3
0,414
2093,3
0,402
2166,3
2184,3
2186,3
2187,3
1785,3
1787,3
0,443
2208,3
2072,3
1790,3
1792,3
1793,3
1795,3
1797,3
1798,3
1800,3
1801,3
0,357
1804,3
1805,3
1807,3
1808,3
1810,3
1811,3
1813,3
1815,3
1816,3
1818,3
1819,3
0,403
2202,3
2139,3
2140,3
1821,3
1823,3
1824,3
1826,3
1828,3
1829,3
1831,3
2132,3
2214,3
1833,3
1834,3
1836,3
2119,3
0,404
2157,3
2151,3
2227,3
2222,3
1838,3
2083,3
2096,3
2102,3
2105,3
2087,3
1851,3
2113,3
2114,3
1857,3
1859,3
1861,3
1864,3
1865,3
1867,3
1871,3
0,360
2128,3
2129,3
1876,3
1878,3
1879,3
2131,3
1882,3
1884,3
1886,3
1888,3
2134,3
1891,3
1893,3
2207,3
0,361
1897,3
1898,3
1902,3
1903,3
1905,3
1906,3
1908,3
2145,3
2168,3
2149,3
1914,3
2154,3
1917,3
1919,3
2158,3
2161,3
2160,3
1927,3
1928,3
1930,3
1931,3
1933,3
1934,3
1935,3
1937,3
1938,3
1940,3
1941,3
1943,3
2163,3
1946,3
1949,3
1950,3
1952,3
0,372
1954,3
1956,3
1957,3
1959,3
1960,3
1962,3
1965,3
1966,3
1968,3
1969,3
2169,3
1972,3
1974,3
1975,3
2171,3
1977,3
1979,3
1982,3
1984,3
1985,3
1987,3
2177,3
1991,3
1994,3
1996,3
2000,3
2001,3
2188,3
2191,3
2004,3
2007,3
2009,3
2012,3
2014,3
2016,3
2020,3
2209,3
0,377
2023,3
2211,3
2223,3
2026,3
2029,3
2030,3
2032,3
2035,3
2037,3
2039,3
2041,3
2043,3
2044,3
2046,3
2233,3
2230,3
2048,3
2050,3
2052,3
2054,3
2055,3
0,389
2234,3
2061,3
0,590
2555,3
2237,3
2238,3
0,491
0,591
0,425
2571,3
2241,3
2242,3
2243,3
2557,3
2584,3
2247,3
0,390
2249,3
2558,3
2252,3
2254,3
2255,3
2258,3
2260,3
2261,3
2561,3
0,440
2264,3
2267,3
2268,3
2270,3
2271,3
0,395
2273,3
2275,3
2277,3
0,599
2670,3
2677,3
0,592
2660,3
2674,3
2678,3
2680,3
2681,3
2278,3
2280,3
2568,3
0,601
2565,3
2281,3
2284,3
2286,3
2287,3
2289,3
2290,3
2292,3
2294,3
2295,3
2297,3
2298,3
2300,3
2301,3
2303,3
0,576
2305,3
2307,3
2308,3
2310,3
2313,3
0,595
2696,3
2633,3
2634,3
2314,3
2316,3
2318,3
2319,3
2321,3
2322,3
2324,3
2708,3
2325,3
2327,3
2328,3
2613,3
2610,3
2650,3
2645,3
2692,3
2716,3
2331,3
2580,3
2593,3
2596,3
2602,3
2581,3
2345,3
2347,3
2608,3
2351,3
2352,3
2354,3
2356,3
2358,3
2360,3
2362,3
2365,3
2622,3
2367,3
2370,3
2371,3
2372,3
2373,3
2375,3
2376,3
2379,3
2381,3
2627,3
2384,3
2385,3
2701,3
2388,3
2390,3
2391,3
2394,3
2396,3
2397,3
2399,3
2401,3
2402,3
2662,3
2404,3
2407,3
2648,3
2410,3
2412,3
2414,3
2655,3
2416,3
2419,3
2421,3
2422,3
2424,3
2656,3
2427,3
2429,3
2430,3
0,583
2432,3
2434,3
2436,3
2437,3
2439,3
2441,3
2443,3
2444,3
2446,3
2448,3
2449,3
2451,3
2452,3
2453,3
2455,3
2456,3
2459,3
2460,3
2462,3
2463,3
2465,3
2467,3
2468,3
2664,3
2470,3
0,585
2475,3
2476,3
2478,3
2479,3
2671,3
2483,3
2486,3
2489,3
2490,3
2494,3
2495,3
2685,3
2497,3
2499,3
2502,3
2503,3
2507,3
2509,3
2511,3
2703,3
2515,3
2516,3
2719,3
2717,3
2519,3
2521,3
2523,3
2525,3
2529,3
2530,3
2531,3
2534,3
2535,3
2537,3
2538,3
2727,3
2724,3
2540,3
2543,3
2723,3
2547,3
2548,3
2551,3
2552,3
2554,3
120,3
200,3
178,3
177,3
175,3
3905,3
3965,3
3966,3
3908,3
3968,3
3985,3
4003,3
3912,3
3970,3
3975,3
3988,3
3920,3
3923,3
3862,3
3932,3
3934,3
3987,3
3939,3
3941,3
3992,3
3989,3
3946,3
3953,3
3954,3
3959,3
3960,3
3962,3
791,3
801,3
3765,3
841,3
847,3
889,3
852,3
884,3
875,3
887,3
883,3
878,3
854,3
855,3
860,3
864,3
880,3
868,3
742,3
751,3
747,3
760,3
755,3
758,3
1080,3
836,3
797,3
824,3
1085,3
1077,3
1078,3
963,3
959,3
780,3
1089,3
769,3
842,3
762,3
759,5
739,3
811,3
819,3
813,3
814,3
815,3
951,3
957,6
955,3
763,3
768,3
3779,3
3770,3
1067,3
1070,3
831,3
833,3
837,3
221,3
216,3
211,3
155,3
144,3
157,3
147,3
153,3
146,3
140,3
142,3
141,3
149,3
152,3
151,3
131,3
132,3
134,3
138,3
136,3
0,243
4263,1
4263,0
0,322
0,408
137,3
135,3
133,3
130,3
150,3
148,3
154,3
143,3
145,3
156,3
139,3
220,3
219,3
832,3
1069,3
3767,3
3774,3
958,3
957,3
930,3
820,3
812,3
830,3
759,3
1087,3
774,3
775,3
960,3
1081,3
1086,3
795,3
822,3
793,3
753,3
749,3
866,3
891,3
888,3
853,3
882,3
876,3
885,3
805,3
850,3
0,380
0,346
3961,3
3956,3
3995,3
3991,3
3990,3
3935,3
3933,3
3984,3
3922,3
3977,3
3913,3
3986,3
3976,3
3969,3
3967,3
3964,3
174,3
176,3
115,3
2728,3
2725,3
2545,3
2541,3
2722,3
2539,3
2536,3
2532,3
0,589
2528,3
2522,3
2518,3
2705,3
0,588
2513,3
2697,3
2505,3
2500,3
2690,3
2682,3
2493,3
2487,3
2484,3
2480,3
2477,3
2473,3
2472,3
2665,3
2466,3
2663,3
2461,3
2458,3
2454,3
0,584
2450,3
2447,3
2445,3
2442,3
2657,3
2435,3
2433,3
2431,3
2428,3
2426,3
2423,3
2420,3
2654,3
2652,3
0,582
2408,3
2643,3
2639,3
2400,3
2398,3
2395,3
0,580
2387,3
2386,3
2628,3
2380,3
2377,3
2625,3
0,579
2369,3
2623,3
2364,3
2615,3
2357,3
0,578
2350,3
2607,3
2344,3
2599,3
2590,3
2577,3
2721,3
2651,3
0,596
2329,3
2326,3
2626,3
2323,3
2320,3
2317,3
2315,3
2609,3
2632,3
2312,3
2309,3
2306,3
2304,3
2302,3
2299,3
2296,3
2293,3
2291,3
2288,3
2285,3
2283,3
2702,3
2566,3
2279,3
2619,3
0,600
2618,3
2587,3
0,417
2276,3
2274,3
2564,3
2563,3
2266,3
2562,3
2262,3
2560,3
2257,3
2253,3
2250,3
2248,3
2246,3
2244,3
2574,3
2240,3
2559,3
2239,3
2236,3
0,423
2059,3
2058,3
2231,3
2229,3
2047,3
2228,3
2045,3
2042,3
2038,3
2036,3
0,383
2028,3
2025,3
2225,3
2022,3
2018,3
2203,3
2010,3
2006,3
2196,3
2002,3
1997,3
1993,3
1990,3
1986,3
1983,3
1980,3
2170,3
0,374
1973,3
1970,3
1967,3
1963,3
1961,3
1958,3
1955,3
1953,3
1951,3
1948,3
1944,3
1942,3
1939,3
1936,3
0,367
2162,3
1929,3
1926,3
1923,3
1921,3
0,364
1915,3
1911,3
1909,3
1907,3
1904,3
1901,3
1895,3
1894,3
1892,3
2133,3
1887,3
1883,3
1880,3
1877,3
1874,3
1872,3
1869,3
2121,3
1863,3
1858,3
1854,3
1852,3
2108,3
2099,3
2086,3
0,358
2198,3
2156,3
2116,3
1835,3
1832,3
0,446
1830,3
1827,3
1825,3
1822,3
2115,3
2138,3
1820,3
1817,3
1814,3
1812,3
1809,3
1806,3
1803,3
1802,3
1799,3
1796,3
1794,3
1791,3
1788,3
2074,3
1786,3
2125,3
2180,3
2124,3
2183,3
0,450
0,412
1782,3
1780,3
1777,3
1775,3
0,355
0,421
2068,3
1767,3
1764,3
1760,3
2065,3
1755,3
0,439
2064,3
1750,3
1748,3
2066,3
0,394
1744,3
0,502
0,500
3648,3
3617,3
3639,3
3634,3
3734,3
3611,3
3605,3
3593,3
3584,3
3578,3
3563,3
3551,3
3725,3
3542,3
3537,3
3523,3
3517,3
3508,3
3487,3
3717,3
3478,3
3463,3
3448,3
3711,3
3430,3
3421,3
3406,3
3708,3
3397,3
3707,3
3382,3
3370,3
3361,3
3355,3
0,615
3343,3
3334,3
3328,3
3316,3
3307,3
3301,3
3292,3
3286,3
3277,3
3274,3
3266,3
3251,3
3257,3
3221,3
3700,3
3233,3
3224,3
3206,3
3197,3
3191,3
3176,3
3161,3
3158,3
3152,3
3143,3
3137,3
3128,3
3119,3
0,609
3104,3
3686,3
2923,3
2914,3
2884,3
2905,3
2887,3
2875,3
3674,3
3671,3
3665,3
3727,3
3720,3
3696,3
3678,3
3075,3
3080,3
3077,3
3070,3
3061,3
3053,3
3048,3
3693,3
3045,3
3036,3
3029,3
3024,3
3015,3
3009,3
3000,3
2991,3
2987,3
2978,3
2969,3
2961,3
3683,3
3685,3
2953,3
2949,3
3715,3
3705,3
3669,3
0,627
0,433
2943,3
2940,3
0,607
2835,3
2829,3
2823,3
0,426
2811,3
2805,3
2800,3
2788,3
2782,3
2773,3
2764,3
3656,3
2755,3
2749,3
3663,3
0,622
2737,3
0,602
0,621
918,3
923,3
892,3
894,5
907,3
900,3
0,504
0,459
189,3
12,3
173,3
170,3
165,3
164,3
0,418
161,3
0,379
158,3
4264,4
4263,121
4263,119
4263,128
4263,109
4263,106
4263,104
4263,100
4263,97
4263,95
4263,92
4263,88
4263,85
